00000003 20131119
162fc100dbd1aeedfaebf12083c530df6cc32874 1 2 3 7 9 10 11 15
885316c6d79131cc0ce123055d3c8fc65c386ad1 0 4 7 7 8 12 15 15
1bdb0d4f2f581fdfae23c8f7061c23938ebed14d 1 1 8 4 9 9 12 12
8f753bab0e1372c639e8943795c2daf01d4b9f39 11 4 14 15 23 17 26 27
2b1073dd142155807ceb386e63be77b599100769 3 1 10 6 19 14 31 21
9b4210ab05952f38599529fae4fa5a393d175fa3 4 1 10 18 16 15 22 24
ed54181d5dc0f09dba5fec9c3cba40cd9390d011 11 4 14 15 23 17 26 27
ccfc50f610909867843386efb930b02391414775 3 1 10 6 19 14 31 21
457db28ce5e585cec384fce5571a35673e46e99f 11 4 14 14 9 18 12 27
a260790f94187f1f61a116ed6ffcd8f9677e3943 3 1 10 6 19 14 31 21
9d83623f4ab3d1367780cfca44c2acd2a27ee235 5 2 8 7 11 9 14 14
cda5e46b3ab9f6634103054e64fb168f3abdfcfe 1 1 15 7 1 1 15 7
44b07170cc1864dec92803295295c9d6ea2bdc07 1 1 15 7 1 1 15 7
3ae1d08eb7abc1740700a443dfa7886f80ac6a55 0 4 7 7 8 12 15 15
2f1b936bbc9a0249103944db110703c7b7b1696a 218 51 266 228 316 286 343 471
7a9cd7503407c19722f7f9684984f69e6cdf553c 15 3 253 131 256 262 495 384
dbc469bf9ce531634315a424e89defc5178db2aa 9 6 292 131 258 268 374 360
69e0e30da01c255746e9652370e9ef54227b3220 109 26 133 114 158 143 171 235
9167efa8aa1be39674eca02b9f64c84ff78fa19e 8 2 126 65 128 133 248 192
b81b4b5ab59ffbb8b62722f02aedebdad3e6a66e 4 3 145 65 133 134 187 180
82a2544badb87fa5e2428edf2fdc688760d27af6 55 13 66 56 79 72 86 118
df0c3532b5323cd4e89469c72a7083ad09a42379 4 1 63 32 64 66 124 96
3ea16a0300c1db322d7ed97b8c740e97306babf2 2 1 73 32 65 67 93 90
4b1c352c668fa6f9e672ab3636a6ac8583c22d4a 28 7 33 28 40 36 42 58
9ab7e05348d01f1eaa55b55ae92eac15a952699f 2 1 31 15 32 33 62 47
03b9e49506476323a22a56beca38ffc83f22f57f 1 1 36 16 32 33 47 45
e146a3f06c50953c6d8a983dccde7b171bb207b9 14 3 16 14 20 18 21 29
eec35b49d97bc67afe1ece6dc2c574a041245cbf 1 1 16 8 16 17 31 24
54f00e8acc5a7df8cca719821efbd2a228b31e38 2 1 17 7 17 17 23 22
6e19e255e5b7fe204f20a492de8f39e91abe0a95 7 2 8 7 10 9 11 14
8b20c683d63226034a5dfa67aa1d038f1392a7c5 0 0 7 3 8 8 15 11
9547d039dc621e2e405981b1b1ffb3f75e8b2a7b 1 1 8 3 8 8 11 11
d01c51cab5f7a81ae47b0865356721e92ce1be95 14 12 19 29 50 41 55 61
b43b791e9986d983df440105e171f07791c8e72f 1 1 31 15 33 33 63 47
40152309e3e8e7385b144745b0baca4931c04258 1 1 16 10 17 43 48 52
ee535e7b012ddcf001e647355ee1ae226e2b291f 14 5 21 27 42 43 49 61
d85b387ea6f6cba0f136ae641afd5acdc59f793f 16 0 47 13 16 32 47 45
22791fbf382750192bc0ace68eff3fd2e00988c2 9 18 39 33 33 34 50 47
8297ca52f550a77a344e915aa312ce0c21f90810 23 7 26 14 8 18 12 30
28b1a2e2817767894088ec08108c436ee166ac1c 1 1 11 7 19 17 31 23
bfe7ebbcb4dc291d113db10bfb7bbaa04832a6e6 0 0 32 16 0 16 32 32
ede7d2d61ed60a86040821b31b61997c4843a84b 54 7 57 31 15 36 21 62
bec64d10330e4485d0f1c04292723670e6be7407 14 22 45 43 14 22 45 43
7f8da21f4decb8d4917ab4e384bb12d43a690662 16 0 32 32 32 32 48 64
e6ba515cdf4d6888fdbb9d6cb8d73580aa87a0bd 1 2 3 7 9 10 11 15
812f138e102458fb39f4b0040b0074089c07f29f 4 1 11 4 4 9 11 12
66fe379b341c1aee65e938ec048b9e0ddcd87d8c 0 0 8 4 8 8 16 12
3b627096f17d9be750cbc4871fa33d8094d2bdd1 4 2 6 7 12 9 14 15
cda72751be5933784bf7955587518cbee0a92e30 0 0 7 3 8 8 15 11
ef85e448e061a52ca38ece5acc4a4a7ba90f70dc 4 0 10 6 6 7 11 10
2869dadcc30eb073c81c74c1d5a5cd76e49e207e 1 2 3 7 9 10 11 15
b6ce3a433987aab2cce8f0dcffb8f6de562c58c8 4 0 11 3 4 8 11 11
40cb63006f55091a1262473b21f00902dcb582d1 4 0 11 3 4 8 11 11
61cc5170ee0a013177e2d9d295e77992e1443499 10 6 15 30 45 38 52 61
794de15b5223b8438cb6d1e2aafd9726153338cf 2 2 21 12 20 30 51 45
2068577d2427d0107cf69bf3ded918065b3bec3e 1 2 62 30 1 2 62 30 
a3fab43852522bd440072f7b7231733e7c93b23d 1 3 5 15 17 19 21 21
7bfacfd994178a22ac947c6a4969850cfe32f6ea 8 0 23 7 8 16 23 23
a719a84b2b71d8ed10a579785eb1f8ba2795cec0 1 1 16 8 17 17 24 24
7c9179b122533a342bb9bfa3d877b3cf41853f65 1 5 9 31 38 37 46 63
6643fdfe1d42d67f320f5e84a09e9aa133246021 16 0 47 15 16 32 47 47
58d3bd1f376348b76e6d17aa653fe95e88b4526e 1 1 31 15 33 33 47 47
ba10747604d56da68ee7d35c93af3829fd3a7d18 2 3 4 7 12 10 14 14
4f37604febe7318ae4980f6aeee9569ae4580b49 0 0 7 3 8 8 15 11
090c894a9abd5ea4aae61d664dce19512fd527e1 8 3 15 11 8 3 15 11
574431eb941427d837f51dedfdd748e04cd7099d 19 22 31 59 105 82 117 118
56a4fb18c886d4952a40123b9e068e0997f9c0ad 3 2 64 31 67 66 127 94
807e6dfb75ed44a8302e7afc89db7f43830e2d5c 72 18 99 50 74 81 101 113
162fc100dbd1aeedfaebf12083c530df6cc32874 1 2 3 7 9 10 11 15
d761984d57ebf6081f92b61a83c614639baef78b 4 0 11 3 4 8 11 11
1bdb0d4f2f581fdfae23c8f7061c23938ebed14d 1 1 8 4 9 9 12 12
ab902f32bef1523a2692fdae625223433249e024 12 3 14 7 1 13 7 15
ed5b628849b78bbd41c4278ee59548f46f2a7ea6 4 0 11 3 4 8 11 11
3a999364bfa6087b276d2084011ba79c1f17d3e8 8 0 12 3 9 8 12 11
0dbedcdf467617168d94a32766a9341e468acaaa 14 10 19 30 46 35 50 59
dad2e6889076cc94afdcda2e84727818f66d8ead 15 8 46 13 23 36 55 42
273a1c93c459828d92fed48f6d1545bcc05b427a 1 1 21 14 32 33 46 47
2301f7ce2e2b8a64f56e8a7d8a3c4612c9b44cda 3 4 6 14 22 18 25 26
e5f0c550c2bf9d97a6de3292db609f9d2b0fb6f4 1 0 10 7 1 0 10 7
12aabe5389830058b3fddab51a2d14c248e10be9 0 7 16 13 9 14 23 21
9239e68bbff616e1c24a1db5b4843fc77c0e3105 3 3 5 7 10 13 14 15
cfdeced5d362f4793d18e5383dfb2f0e9fdf835e 0 0 7 4 4 10 10 15
795944358dea7750f10d45b50afbe3b3241371c8 1 0 6 3 7 8 10 11
f44deda032bbe0954c04d74c1c98a409b31d13db 4 8 12 28 36 40 44 60
24dd46637c586a55929b408ec4a8f863f6d6d332 8 1 39 10 24 34 55 42
74d6bc49e0f69a35ecaf5b5cd65d570a37aaf5d3 36 9 49 24 39 41 50 56
0f93351fa04b89bda735f317184629056c8ed92b 5 6 15 62 61 83 67 123
7e7b28e0f4d003c8e537c1e253d13dbd37d9f041 17 3 78 21 49 68 110 85
807e6dfb75ed44a8302e7afc89db7f43830e2d5c 72 18 98 48 78 82 100 112
8a8fa52da4e6f6852a0a229674090ca346051ece 4 2 6 7 13 11 15 15
69f084f5089701b18bd131a749b08dac9e11c288 4 0 11 3 4 8 11 11
5a6e79c75a8e14eaf30baf9ed3833eeeeba4da53 1 5 15 8 1 13 15 16
d0c8deb94d00327620058b28752d95ba5697029c 46 6 50 28 23 39 28 59
536eca60f270bafa51089e06c26264787dfd2634 19 3 47 14 19 35 47 46
98595ffd0cb020d353a0bbcb1a3bb667bd713076 0 0 31 15 31 31 64 47
2ba3408034c29aa8c1b7122fdc27dc9c671abb6a 16 14 22 31 46 35 52 52
1e1bb0f37a3affce63cadedd8b36e8350c7d965b 9 1 40 16 25 33 55 48
d128baf6bed2594a81349ea7f72a1366e6fddfdf 20 11 34 20 38 31 52 41
e003f1c7052b4203a19f418cf17d733803c65d34 1 2 4 7 12 9 15 14
b40043bc050a6da267120cd838d95d01cac86559 2 1 7 5 10 11 14 14
f28b98f3d548e7dc416f7fa740065038502646f9 8 0 14 3 4 12 8 15
66500c1cf15e93b46a742e3db79b54d18b4e2d1a 24 2 26 14 3 18 5 30
9036349b15279947d323d9239cf54aa125b3ebb5 4 0 11 7 14 24 22 32
917429510a95f271e318af180537ce28e71b9392 1 1 32 16 1 1 32 16
0228a20848de29377082f8a1ebb61066e9ea6626 53 4 58 28 4 36 10 60
a6c7c91d36e3f882a72721cb12881ac12cd5a88f 7 0 21 14 28 47 44 63
767c999f3ee02789841b337efa3b17a14aa4f8bf 1 1 63 31 1 1 63 31
6d3128a33e3b6ad0883d1d908039a4088c8e5a6c 22 5 25 14 13 19 16 29
548b9066e06ac046aedafde571a631fd1674899b 11 0 27 8 12 17 27 23
aab4681107e5712388c8b0f56892c0194074118d 5 11 12 16 17 17 32 31
e5f7b13b3a730b74935ff61993823f80d03130b2 5 2 7 7 10 9 12 15
d8d16b3631e6ab018e8d05a5b61dfab2d573478c 4 0 11 3 4 8 11 11
f493397d19c22dc62a71eced5dd7da9a5e17485d 4 0 11 3 4 8 11 11
1a539bdbaa9b490c7ddd8117bb0bd7f0b61b734e 2 3 4 7 10 10 12 15
eb8fdd05574c43ed81ebccadcd46d3f0a2857e55 2 4 8 7 6 8 12 11
2f565406d85a6875e360e85a8fd413c6a142a279 4 0 11 3 4 8 11 11
3eec7a7acd3c801e49e601cb57f731321f4d007c 2 2 4 7 13 9 14 15
1efb760ca508ff2b7fcf32febe2f4580a60a9e3a 4 3 8 4 8 15 12 16
5e9ae694d386dcb51724f830f70598c4c98f73f1 6 1 11 5 6 11 11 15
b87207e1ff6b34c727f8e61e4c00c596440cbb5c 5 4 7 15 27 19 29 31
6d479137639cb3c897c736bfe3a58e99ce1a5220 4 3 11 5 16 29 25 32
81bf6a166078ab7168f6e2a20a80c74330ad64a3 12 1 22 10 11 22 22 31
8ab799961a9ed38a1a57fe042f12170417371ca8 9 7 15 31 53 38 57 62
1b6cabc0db9f03b73fa84795e27b4b18fec6f774 9 6 26 10 31 58 49 63
436f6c14ac2694cdb53805102100625a21c88710 22 1 44 21 22 43 44 63
1a4af510563557528e2308ba2975da46f7e32896 19 15 29 61 106 75 115 123
ba0ff405b7bcf41817bc425f9820c52843144c1c 17 11 52 20 63 117 99 127
4b7e57657bd9e6e06a74f683958f3a61eeefabfc 44 1 88 42 43 86 89 127
e81bd4c1e62b0475283f05f0a09a76cfa5dfa6f9 38 30 57 123 212 151 229 248
efc79ba9adaab6a625b4271720facd988e5b4451 33 22 104 40 125 234 199 254
a0ffadad1aa36350dafac4f7847a8fa8e03723bc 87 1 177 85 88 172 177 256
d5ac14d0034868a3ba5d9b53397e75317e8487be 12 11 16 28 44 42 48 60
7bb6ad7fc1d26c223009369b76202668b599a84f 18 2 46 14 18 34 46 46
156ffc1cafc14f5830da39b0101a24c65a8a4b40 16 0 44 12 16 32 44 44
dc8db95b18e43e1f95a4a2c65440e3a3e3e5d7ef 24 22 32 56 88 85 96 120
a82d09ddd90458479f89f21d5cd69914c05530c3 36 4 92 28 36 68 92 92
ada1883a016e3169a6e10cfdfc2c3b556d4415d8 32 0 88 24 32 64 88 88
d52c53b2e095d165a7e156cdb525a7e2947b0d87 48 44 64 112 176 169 192 240
81357394ac01c50eef974b8e66b26a60c344bb84 72 8 184 56 72 136 184 184
10654dd71414f6fe2170561c18a9d51a247bb4a3 64 0 176 48 64 128 176 176
36ef525d5f1e989172b1895708085dc1062c1a1e 6 2 12 8 20 24 26 30
95088a05f24102c0cbb61ce3e41ecfabf95324ca 2 6 30 10 2 17 30 21
3b8c99f44b6036e71823e4d1315f75b34b00dc00 0 8 16 16 0 8 16 16
39f8b18d89d79a66da64acf661253e9623dfe53a 1 1 15 7 1 9 15 15
0e6d3de96deea602f5cd453022e2c781aae18ebe 5 1 13 4 5 9 13 12
97dbd7706b769e782c2738fd132ae68d5a8b72b8 5 0 13 4 5 8 13 12
c6569775223cc9ad9b57a2fbc86738735bd9c085 2 2 30 14 2 18 30 30
8de82bf9979506ec4e3be4b5241700daea44647d 9 0 25 7 10 17 25 24
1761c80e8624f6edbdb57340f55294e7df8af1aa 9 0 25 8 9 16 25 24
998f6332c96817adf677c4c4f7c187b156cd3485 4 4 60 28 4 36 60 60
c447bf1e73a54b5fdc041409b639c988b3a8bc8c 17 0 50 15 18 33 50 48
66a7205b91d2a16a248f561c31a655d41988d7d1 17 0 50 15 18 33 51 48
a9b85e70099beb60f8fd26bc2555075b84e48b12 8 8 119 56 8 72 120 120
2766da06d30de49faa6bc9cfa7503469e2ef2f02 34 0 99 30 36 65 100 95
dd2ac5df43a42c7d3c29b0e6f1851ce0a8a37969 34 0 99 30 36 64 98 95
be1f859d023104bf80f05775f0767e6b0c501804 44 11 48 29 2 36 6 60
1b07f86c8c50c1f0c567a1a8eb8335985151a432 22 12 50 26 22 12 50 26
2abb36aa02cc0fe77fe0e296dfd052bba63cfd0d 21 11 51 25 21 11 51 25
1f87f99dfe5e19eeae2e384cef369c7728661e45 52 6 55 32 11 37 15 60
4ebe163baa24a75ed57ede272aabd58575334059 17 11 47 20 16 32 47 41
e0402f492a4ebfacf26bf5e80bd4986ea535e005 8 1 40 19 31 41 63 63
6fdd161be272ac1d951706b05df9e6486c155805 104 11 110 64 22 74 30 121
78f72593e364ad40155720669d7b6a504baace06 34 22 96 41 33 64 95 83
f266c0cfcec0d7b863dc61a3781b04a35d32887e 14 2 83 38 62 82 126 126
f3644635a480560869c8aa79bd8f66a2eaab45e4 12 4 14 15 16 20 18 29
226772d8421d4c01523ae004e3e1191f84e976e3 8 0 23 7 8 16 23 23
770f8418cd8fa5465c4095fe9f1a42a02c317786 8 0 23 7 9 16 23 23
2c50510a131f1c503dea77bcc3ce92a50baeccbb 44 28 47 42 15 48 19 61
c7706f45de557b61e10f3fda46686ba8e62b9c63 21 12 37 21 14 44 29 52
a1f5967a92410828ef945eb5bf50d45e4607e0ae 13 2 39 16 16 34 42 47